Input source 1: random number


alpha	     linear    double

-----------------------------

0.5          1.50      1.39

0.6	     1.77      1.53

0.7	     2.20      1.72

0.8	     2.97      2.01

0.9	     5.40      2.55

0.95	     9.55      3.15

0.98	    24.51      4.00

0.99	    33.35      4.67



Input6 source 2: current time


alpha        linear    double

-----------------------------

0.5          1.0       1.0

0.6         1.0       1.0

0.7          1.0       1.0

0.8          1.0       1.0

0.9          1.0       1.0

0.95         1.0       1.0

0.98         1.0       1.0

0.99         1.0       1.0




Input source 3: word-list


alpha        linear    double

-----------------------------

0.5          1.59      1.40

0.6	     2.08      1.54

0.7	     3.76      1.72

0.8	     7.43      2.02

0.9	    22.37      2.57 

0.95	   155.21      3.15 

0.98	   375.59      3.96

0.99	   524.39      4.61

